	Logistic Regression			SVM			Neural Networks 	Naive Bayes				KNN
#	 f_score	 chi_square 	chi_square	f_score				f_score			f_score	chi_square
1 	 0.5624		 0.5574			0.563		0.5564				0.572			0.5785	0.508
2 	 0.59129	 0.5843			0.582       0.59429             0.583           0.587   0.52
3 	 0.6045		 0.6094	    	0.59        0.5861              0.5935          0.5925  0.558
4 	 0.6154		 0.6275	    	0.628       0.6103              0.5985          0.6145  0.582
5 	 0.63469	 0.6344	    	0.6155      0.6319              0.607           0.6145  0.5865
6 	 0.6404		 0.6457	    	0.634       0.64369             0.62            0.6305  0.6015
7 	 0.6357		 0.6405	    	0.641       0.6096              0.6255          0.628   0.584
8 	 0.6535		 0.6518	    	0.65        0.61849             0.659           0.633   0.6
9 	 0.6481		 0.6501	    	0.6415      0.6535              0.643           0.629   0.6035
10	 0.655		 0.6537	    	0.651       0.6458              0.649           0.653   0.5935
11	 0.6571		 0.6632	    	0.6685      0.6535              0.6595          0.6365  0.6145
12	 0.6501		 0.6574	    	0.6515      0.6493              0.646           0.645   0.607
13	 0.6553		 0.6598	    	0.6385      0.6572              0.6415          0.657   0.597
14	 0.6655		 0.6648	    	0.6785      0.6553              0.6615          0.6555  0.619
15	 0.6632		 0.6711	    	0.672       0.6625              0.643           0.6565  0.6165
16	 0.6583		 0.6702	    	0.6775      0.6602              0.6535          0.661   0.595
17	 0.6575		 0.6682	    	0.688       0.6525              0.65            0.644   0.603
18	 0.6500		 0.6740	    	0.672       0.652               0.639           0.6465  0.609
19	 0.6679		 0.6718	    	0.67        0.6564              0.653           0.639   0.6075
20	 0.6689		 0.6767	    	0.6415      0.6222              0.6555          0.6685  0.607
21	 0.6769		 0.6746	    	0.67        0.6420              0.6635          0.6525  0.623
22	 0.673		 0.6838	    	0.6685      0.6462              0.6605          0.6415  0.6115
23	 0.6715		 0.6759	    	0.6665      0.6437              0.658           0.657   0.609
24	 0.67		 0.6767	    	0.688       0.6326              0.6395          0.649   0.598
25	 0.6799		 0.6754	    	0.667       0.6151              0.6535          0.66    0.6145
26	 0.6756		 0.6751	    	0.661       0.6294              0.6555          0.653   0.63
27	 0.6807		 0.6722	    	0.682       0.6155              0.6505          0.638   0.603
28	 0.6804		 0.6732	    	0.652       0.588               0.6675          0.646   0.6095
29	 0.6762		 0.6749	    	0.6715      0.5888              0.6535          0.663   0.6005
30	 0.6791		 0.6741	    	0.676                           0.647           0.651   0.6025
31	 0.6845		 0.6741	    	0.6555                          0.6605          0.6615  0.5955
32	 0.6792		 0.6776	    	0.673                           0.651                   0.6305
33	 0.6776		 0.6754	    	0.683                           0.646                   0.6165
34	 0.6787		 0.6841	    	0.679                           0.671                   0.6125
35	 0.6721		 0.6799	    	0.6685                          0.664                   0.631
36	 0.6699		 0.6736	    	0.673                           0.66                    0.625
37	 0.6681		 0.6804	    	0.683                           0.6525                  0.5825
38	 0.6795		 0.6763	    	0.6755                          0.673                   0.618
39	 0.6802		 0.6794	    	0.664                           0.649                   0.607
40	 0.6813		 0.673 	    	0.6705                          0.6565                  0.6
	
41	 0.6732		 0.6767	    	                                0.6665                  0.6115
42	 0.6747		 0.6708	    	                                0.658                   0.5995
43	 0.6704		 0.6797	    	                                0.679                   0.609
44	 0.6740		 0.6764	    	                                0.667                   0.615
45	 0.6778		 0.6837	    	                                0.66                    0.619
46	 0.675		 0.6783     	                                0.656                   0.6115
47	 0.6695		 0.6795     	                                0.652                   0.614
48	 0.6753		 0.695      	                                0.65                    0.613
49	 0.6732		 0.689      	                                0.6605
50	 0.6781		 0.664      	                                0.645
51	 0.6766		 0.674      	                                0.671
52	 0.6749		 0.674      	                                0.676
53	 0.6766		 0.6695     	                                0.6465
54	 0.6683		 0.653      	                                0.6585
55	 0.671		 0.678      	                                0.6565
56	 0.6793		 0.689      	                                0.672
57	 0.6803		 0.685      	                                0.6335
58	 0.6792		 0.694      	                                0.657
59	 0.6819		 0.6805     	                                0.65
60	 0.6719		 0.6795     	                                0.6551